-51 3 53 -10 7 14 33 73 -3 21 65 -85 -130 -30 -91 -47
-38 -29 -27 129 31 75 36 46 70 68 -9 99 -135 -120 24 17
25 -14 3 -9 -27 8 -5 3 4 1 -1 20 4 29 51 20
8 -20 -34 3 20 -22 5 3 4 7 11 -12 -21 2 18 6
40 -18 0 0 58 30 33 29 -2 -19 -42 -98 17 -45 -119 -67
0 0 0 0 0 0 0 0 0 0 0 0 0 0 0 0
0 0 0 0 0 0 0 0 0 0 0 0 0 0 0 0
0 0 0 0 0 0 0 0 0 0 0 0 0 0 0 0
-52 -32 25 2 6 37 68 50 13 -16 37 -162 -98 -25 2 -53
-31 -1 -63 126 63 7 4 -8 81 71 17 45 -69 22 -17 13
14 -21 10 -1 -10 -10 -16 -2 -11 20 14 44 28 24 43 10
23 -19 -11 -23 8 -39 14 -10 22 25 -6 1 -25 -6 -8 -1
63 -32 1 16 53 47 11 -4 -22 -33 -42 -100 57 -33 -77 -80
0 0 0 0 0 0 0 0 0 0 0 0 0 0 0 0
0 0 0 0 0 0 0 0 0 0 0 0 0 0 0 0
0 0 0 0 0 0 0 0 0 0 0 0 0 0 0 0
-45 -28 31 10 -2 40 60 37 22 -24 44 -72 -122 -16 -76 -82
-32 -35 -38 122 22 55 -1 75 33 18 -2 14 -55 17 -112 -58
3 -23 6 1 21 -17 -22 -9 3 -1 11 18 25 -1 62 15
33 25 44 -5 0 -66 0 -14 -20 21 -30 17 14 -7 -19 -11
67 -16 -8 1 51 38 31 18 -8 -37 -15 -94 46 -73 -31 -64
0 0 0 0 0 0 0 0 0 0 0 0 0 0 0 0
0 0 0 0 0 0 0 0 0 0 0 0 0 0 0 0
0 0 0 0 0 0 0 0 0 0 0 0 0 0 0 0
-87 -40 24 -9 36 14 91 26 36 54 43 -95 -103 -36 -28 -26
18 -17 -72 161 27 7 29 -20 14 34 22 27 -85 -11 5 -2
8 -14 0 -4 8 3 -14 -2 9 -15 -4 4 -11 9 81 24
16 21 21 26 13 -53 -1 -2 -53 3 -12 3 9 -3 -4 1
47 -5 13 -9 25 20 47 6 14 -44 -12 -55 35 -46 -69 -34
0 0 0 0 0 0 0 0 0 0 0 0 0 0 0 0
0 0 0 0 0 0 0 0 0 0 0 0 0 0 0 0
0 0 0 0 0 0 0 0 0 0 0 0 0 0 0 0
-43 -44 22 31 -39 3 55 54 -2 21 28 -89 1 64 -26 -106
14 39 -53 127 -20 24 16 -51 37 18 76 -30 -2 -64 -23 -9
2 -13 -2 -5 39 -9 -27 4 3 12 9 24 21 25 94 18
-2 -12 31 -60 7 -3 22 -11 22 24 -22 -6 -12 -2 -6 2
63 16 14 11 71 26 14 44 24 -44 -28 -85 15 0 -57 -120
0 0 0 0 0 0 0 0 0 0 0 0 0 0 0 0
0 0 0 0 0 0 0 0 0 0 0 0 0 0 0 0
0 0 0 0 0 0 0 0 0 0 0 0 0 0 0 0
-15 1 15 -14 -65 9 70 63 -25 -4 21 -178 -5 12 -32 -109
37 3 -61 95 9 61 -6 30 54 28 24 -34 -18 -77 -32 -7
9 -40 1 4 47 -9 -44 12 -20 -8 -2 58 37 36 74 59
21 3 79 -99 4 -16 9 -14 46 55 -49 1 5 6 -8 -14
47 -37 1 -4 108 65 26 21 -5 -45 -25 -89 78 -29 -33 -96
0 0 0 0 0 0 0 0 0 0 0 0 0 0 0 0
0 0 0 0 0 0 0 0 0 0 0 0 0 0 0 0
0 0 0 0 0 0 0 0 0 0 0 0 0 0 0 0
-6 -2 41 1 -41 12 66 56 7 12 34 -129 13 47 -21 -88
44 -10 -54 135 -15 4 -19 -62 54 11 41 -79 9 -30 -129 -117
33 -43 -1 -3 56 5 -48 8 6 -16 -1 33 29 19 93 59
46 16 100 -30 -23 -65 -14 -3 39 22 -69 17 8 0 13 -4
64 -26 20 -16 66 58 -6 16 0 -51 -7 -44 106 -35 -3 -119
0 0 0 0 0 0 0 0 0 0 0 0 0 0 0 0
0 0 0 0 0 0 0 0 0 0 0 0 0 0 0 0
0 0 0 0 0 0 0 0 0 0 0 0 0 0 0 0
5 -20 35 9 -31 -23 46 58 6 -11 52 -111 -18 -12 -34 -65
41 -11 -24 127 20 52 -47 6 -23 5 19 -17 2 -58 -21 -3
25 -23 1 -9 42 9 -36 0 15 7 13 10 1 -1 97 16
25 3 59 5 -23 -51 0 -2 9 -8 -37 10 -3 10 2 9
56 -1 25 8 29 16 0 49 32 -20 -16 -66 57 -18 -26 -84
0 0 0 0 0 0 0 0 0 0 0 0 0 0 0 0
0 0 0 0 0 0 0 0 0 0 0 0 0 0 0 0
0 0 0 0 0 0 0 0 0 0 0 0 0 0 0 0
2 -16 28 -2 6 10 57 87 -45 -7 -32 -154 -47 -34 11 -49
-25 13 23 110 28 92 -23 31 62 40 -22 98 -127 -89 -33 -5
-27 -11 2 6 4 -24 -14 7 1 1 5 24 6 -8 83 7
-23 9 -4 -63 -5 43 -2 -20 101 38 -1 18 16 2 -2 4
54 1 39 28 47 21 30 31 11 -11 10 -21 39 -5 -77 -83
0 0 0 0 0 0 0 0 0 0 0 0 0 0 0 0
0 0 0 0 0 0 0 0 0 0 0 0 0 0 0 0
0 0 0 0 0 0 0 0 0 0 0 0 0 0 0 0
-7 -8 -4 -13 4 13 72 21 -45 -27 -17 -204 18 -21 80 -68
-33 46 -48 126 28 47 43 20 54 51 21 28 -62 -6 -69 -7
-1 -44 -2 -10 17 -4 -49 19 -3 -15 -13 38 22 32 90 43
-13 2 47 -100 7 40 -6 -17 117 62 -30 8 16 3 -3 -6
49 -17 45 15 89 50 17 51 50 -31 7 -69 48 -31 -73 -87
0 0 0 0 0 0 0 0 0 0 0 0 0 0 0 0
0 0 0 0 0 0 0 0 0 0 0 0 0 0 0 0
0 0 0 0 0 0 0 0 0 0 0 0 0 0 0 0
-20 4 22 -9 19 37 76 80 -31 6 -12 -185 -68 17 62 -110
-30 -34 8 114 13 88 -21 36 39 71 -3 73 -51 8 -97 -60
9 -61 -7 2 36 21 -46 11 -8 0 -13 23 17 16 75 59
-9 -14 106 -37 -12 -23 -5 -28 62 38 -61 -21 -13 9 4 -6
53 -38 50 28 72 45 26 17 39 -34 5 -62 47 -16 -50 -112
0 0 0 0 0 0 0 0 0 0 0 0 0 0 0 0
0 0 0 0 0 0 0 0 0 0 0 0 0 0 0 0
0 0 0 0 0 0 0 0 0 0 0 0 0 0 0 0
-13 -28 19 -18 0 37 35 7 -37 -7 20 -154 -20 -34 83 -73
1 0 -47 148 43 36 38 -31 -4 78 20 52 -36 -24 -69 2
-9 -28 -1 13 27 3 -7 -4 -5 13 7 9 -9 -5 67 2
-20 -3 59 -5 -24 -24 -8 -23 43 15 -36 -13 0 7 20 1
53 -11 35 32 37 21 3 6 0 -9 4 -22 28 6 -40 -68
0 0 0 0 0 0 0 0 0 0 0 0 0 0 0 0
0 0 0 0 0 0 0 0 0 0 0 0 0 0 0 0
0 0 0 0 0 0 0 0 0 0 0 0 0 0 0 0
-63 -54 48 -16 -16 18 31 80 -29 -14 13 -104 -112 -29 -33 -73
64 -20 -45 127 -20 27 -19 -64 27 34 30 15 27 -31 -8 -25
-11 -4 0 4 0 -10 3 -3 -4 -7 -7 29 -16 -2 46 -9
-19 9 -32 -22 16 34 -25 -24 49 23 34 -3 -9 6 -7 13
43 -19 36 8 26 41 51 2 17 3 0 -63 6 -11 -122 -124
0 0 0 0 0 0 0 0 0 0 0 0 0 0 0 0
0 0 0 0 0 0 0 0 0 0 0 0 0 0 0 0
0 0 0 0 0 0 0 0 0 0 0 0 0 0 0 0
-38 -32 6 -41 13 35 63 89 -55 -20 31 -136 -48 -44 -65 -122
3 -5 -22 99 15 17 -10 -3 53 55 13 -5 -6 -57 -16 -1
-5 -25 2 -14 28 -1 -19 -3 5 14 3 17 -6 24 51 6
-25 -14 -23 -27 18 45 -12 -60 56 31 10 11 12 2 -22 15
65 -26 20 35 62 50 52 -5 7 -5 -15 -105 52 -84 -92 -100
0 0 0 0 0 0 0 0 0 0 0 0 0 0 0 0
0 0 0 0 0 0 0 0 0 0 0 0 0 0 0 0
0 0 0 0 0 0 0 0 0 0 0 0 0 0 0 0
-29 -12 0 -9 3 19 69 114 -31 13 14 -85 -76 -9 -37 -99
60 10 -72 93 -4 14 -22 -69 21 34 22 -34 80 -34 -134 -81
-20 -47 8 3 16 8 -16 -6 -10 12 1 -1 20 5 47 28
-12 -17 7 11 -9 13 18 -54 19 26 -34 -5 20 4 4 -17
39 -29 28 57 68 13 38 14 1 -21 -12 -57 71 -37 -13 -72
0 0 0 0 0 0 0 0 0 0 0 0 0 0 0 0
0 0 0 0 0 0 0 0 0 0 0 0 0 0 0 0
0 0 0 0 0 0 0 0 0 0 0 0 0 0 0 0
-31 -17 16 15 10 16 29 59 -2 35 -6 -90 -79 -49 -56 -79
49 -39 -40 70 -17 35 -8 -18 13 47 33 5 62 -23 -18 -11
-23 -18 3 16 -16 -1 11 -5 -10 -12 -12 11 0 4 62 -8
-3 5 0 20 -7 3 4 -21 -1 17 -13 -18 -15 1 17 -18
41 -19 42 25 27 17 35 25 -1 -38 6 -70 10 -79 -43 -94
0 0 0 0 0 0 0 0 0 0 0 0 0 0 0 0
0 0 0 0 0 0 0 0 0 0 0 0 0 0 0 0
0 0 0 0 0 0 0 0 0 0 0 0 0 0 0 0
